0 0.10904761904761905 0.23588342440801457 0.1457142857142857 0.43169398907103823
0 0.06476190476190476 0.7194899817850637 0.12571428571428572 0.47358834244080145
0 0.24 0.48451730418943534 0.13523809523809524 0.3825136612021858
0 0.24857142857142858 0.8169398907103825 0.18666666666666668 0.34790528233151186
0 0.32 0.16393442622950818 0.1580952380952381 0.26229508196721313
0 0.5433333333333333 0.6129326047358834 0.15333333333333332 0.3406193078324226
0 0.840952380952381 0.5564663023679417 0.17904761904761904 0.5591985428051002
0 0.43523809523809526 0.2795992714025501 0.1219047619047619 0.3151183970856102
0 0.3171428571428571 0.3542805100182149 0.13142857142857142 0.2568306010928962
0 0.5376190476190477 0.2923497267759563 0.17238095238095238 0.3406193078324226
0 0.76 0.20765027322404372 0.16 0.20036429872495445
0 0.6495238095238095 0.2777777777777778 0.13523809523809524 0.3224043715846995
0 0.9219047619047619 0.24225865209471767 0.15619047619047619 0.29143897996357016
0 0.5485714285714286 0.1092896174863388 0.1580952380952381 0.19672131147540983
0 0.38047619047619047 0.6539162112932605 0.14761904761904762 0.32786885245901637
0 0.6928571428571428 0.7695810564663024 0.14952380952380953 0.30418943533697634
0 0.7180952380952381 0.4690346083788707 0.0838095238095238 0.3806921675774135
